    8.055019  6.35117 9.349461 0.000458 0.006957
    8.067113 6.432012 9.360676        0 0.007528
    8.074113 6.357501 9.368419 0.002288 0.008889
    8.072152 6.387528 9.364113  0.00456 0.010631
    8.074475 6.483083 9.357898 0.004539 0.009731
    8.084188 6.372101 9.360076 0.003165 0.007511
    8.077035 6.363052 9.370965 0.003605 0.005917
    8.074447  6.23082 9.378701 0.003144 0.005783
    8.070341 6.249882 9.389942  0.00224 0.005892
    8.081817 6.318695 9.402791 0.002235 0.005775
    8.083751 6.396574 9.413752 0.002675 0.005775
    8.102247 6.411315 9.426494 0.003112 0.006169
    8.111027 6.466985 9.439233 0.006195 0.006832
    8.119403 6.454147 9.454641 0.001763 0.006815
    8.122877 6.467479 9.463401 0.002199 0.007125
    8.131335 6.427407 9.474508 0.003071 0.007058
    8.133219 6.474237 9.488143 0.003498 0.007293
    8.138448 6.486892 9.504033 0.001309 0.007377
    8.147816 6.515593 9.518337 0.001742 0.008267
    8.151992 6.522471 9.525557 0.007802  0.00878
    8.167359 6.558322 9.535266 0.002587 0.008864
    8.181099 6.550308  9.54567 0.002581  0.00873
    8.195101 6.569323 9.559831 0.003859  0.00878
    8.193466 6.572208  9.57063 0.005122 0.009251
    8.210948 6.665289 9.581135 0.005096 0.009773
    8.218009 6.660478 9.589394 0.004227 0.009731
    8.231678 6.691531 9.601044 0.004209 0.009714
    8.256284 6.692343 9.612686 0.006697 0.010471
    8.268442 6.769306 9.622463 0.006653 0.011592
    8.268355 6.749245 9.623703 0.007843 0.011533
    8.276775 6.737651 9.616128 0.010634 0.012688
    8.277996 6.741805 9.614685 0.008507 0.013111
     8.28069 6.713164 9.623419 0.004026 0.011347
    8.290263 6.661459 9.636947 0.006408 0.009192
    8.290465 6.681413 9.648491 0.010326 0.010808
    8.292032 6.696908 9.653841 0.011002 0.011955
    8.311011 6.716811 9.655721 0.011269 0.012705
    8.323139 6.754081 9.658715 0.009996 0.013896
    8.337831 6.717386 9.664291 0.009518 0.013077
    8.337457 6.723777 9.668594 0.013923 0.014065
    8.343911 6.781973 9.670939 0.010039 0.015351
    8.346059 6.770013 9.662419 0.013231 0.015613
    8.346285 6.787126  9.64992 0.014498 0.017714
    8.349138 6.729369 9.640869 0.012871 0.018554
    8.350188 6.691395 9.625149  0.01411 0.018189
    8.349711 6.689253 9.613009 0.013568 0.016833
    8.352724 6.699596 9.621741 0.008259 0.015943
    8.343755 6.634956 9.629185 0.012939 0.013474
    8.357305 6.751952 9.640327 0.014775 0.009646
    8.360687 6.775866 9.659409 0.013245 0.010682
    8.362822 6.783106 9.673422 0.010146 0.012604
    8.373618 6.744891 9.685895 0.008108 0.010631
     8.37548 6.800024 9.689802  0.01443 0.008629
    8.388311 6.853927 9.703065 0.006347  0.00947
    8.398089  6.86537 9.721494 0.009759 0.010606
    8.416577  6.87011 9.736485 0.012453 0.012233
    8.429504 6.926996 9.742745 0.011995 0.014353
    8.423295 6.959749 9.737599 0.016374 0.016646
    8.422284 6.920534 9.728553  0.01818 0.021028
    8.414652 6.944833 9.714747 0.021041 0.018928
    8.400824 6.879252 9.710004 0.017771 0.019225
    8.399349 6.870878 9.694004 0.023028 0.020594
    8.398169 6.805357 9.670899 0.029273 0.020688
    8.376638 6.806956  9.65118 0.029488 0.018571
    8.379526 6.608688 9.642387 0.022775 0.014479
    8.392237 6.571495  9.65985 0.013976 0.013575
    8.401023  6.65035 9.672922 0.017509 0.015952
    8.406978  6.67018 9.673592 0.017695 0.014167
    8.423709 6.760006 9.689074 0.010903 0.012368
    8.428447 6.800636 9.695854  0.01007 0.012975
    8.433884 6.798133  9.69938 0.013741 0.012959
    8.443004 6.802219  9.72084 0.017955 0.011752
    8.450584 6.848833 9.737942 0.016048 0.011643
    8.451231 6.908371 9.743767 0.016242 0.012174
    8.455925  6.95818 9.750257 0.012011 0.013837
    8.466338 6.932181 9.745233 0.020353 0.015393
    8.467553 6.944211 9.744291 0.015051 0.016112
    8.484628 7.001641 9.739417 0.019233 0.016324
    8.485195 7.023629   9.7367 0.017226 0.018453
    8.488356 7.042691 9.729723 0.020166 0.021658
    8.490419 7.037807 9.720474 0.019174 0.023738
    8.484859 7.033194  9.71722 0.022688 0.023721
    8.489546 7.010223 9.715534 0.021049 0.024481
    8.488049 6.985335 9.704093  0.02043 0.030056
    8.482773 6.972548 9.694891 0.022201 0.033953
    8.455885 6.873945 9.683875 0.022074 0.024335
    8.461852 6.793434 9.687928 0.022118 0.023149
    8.470327 6.888944  9.67861 0.026216 0.034626
    8.471109 6.977876 9.666472 0.025546 0.036638
    8.468559 6.928227 9.672097 0.017971 0.037979
    8.469802 6.981611 9.667717 0.019085  0.03836
    8.458542 6.943427 9.671096 0.018104 0.029815
     8.46155 6.830205  9.67663 0.013789 0.032558
    8.461306 6.822106 9.682103 0.012842 0.031542
    8.464889 6.806287 9.684331 0.013879 0.023567
    8.478511 6.715468 9.692762 0.010432 0.019965
    8.484981 6.746563 9.735755 0.007386 0.020475
    8.502996   6.8407 9.749607 0.008937 0.021215
    8.515964 6.898545 9.754083 0.008713 0.023115
    8.529462 6.993168 9.759829 0.008781 0.022246
    8.535838 7.092141 9.765211 0.011684 0.023192
    8.546785  7.12243 9.776169 0.008042 0.024797
    8.551041 7.139608 9.779209 0.007978 0.026139
    8.560895 7.120957 9.790471 0.007085 0.022254
    8.573687 7.086306 9.807061 0.010466 0.020671
    8.580496 7.100162 9.815819 0.006826 0.018826
    8.596014 7.087406 9.830064 0.004751 0.017926
    8.596501 7.123153 9.833708 0.007286 0.018079
    8.600231 7.116418 9.839219 0.003891 0.017392
    8.608296 7.093261 9.857997 0.004942 0.015469
    8.622835  7.05489 9.874436 0.006111 0.013905
    8.626629 7.052204 9.886236   0.0066 0.013474
    8.623845 7.078325  9.88905 0.009037 0.013938
    8.633672 7.076021 9.887554 0.007404 0.014243
    8.642028 7.069401 9.884274  0.00735 0.015224
    8.641566 7.143858 9.884501 0.007934 0.014767
    8.656187 7.091838 9.892474 0.006606 0.014412
    8.660685  7.10958 9.899322 0.010204 0.015647
    8.666384 7.112662 9.895501 0.011464  0.01768
    8.675689 7.120517 9.893752 0.007652 0.019506
    8.676499 7.156237 9.885684  0.01064 0.021581
    8.678374 7.141807 9.880652 0.009806 0.021249
    8.684882 7.126913 9.890652 0.007322 0.019803
    8.686277 7.117779 9.899881 0.007387 0.019319
    8.686507 7.121735 9.894927 0.011097 0.019591
    8.687267 7.118562 9.889659 0.011439 0.019557
    8.688704 7.094147  9.88893 0.009587 0.018869
    8.677529 7.019906 9.884818 0.008585 0.017629
    8.670854 6.976319 9.883257 0.011558 0.015173
    8.676113 6.966543 9.885585 0.007185 0.013998
     8.67689 6.989737 9.880657 0.006578 0.013533
    8.672003 7.027591 9.875165  0.00532 0.011415
    8.685316 7.001492 9.874098 0.007598 0.009781
    8.687876 7.065723 9.866931 0.005579 0.009243
    8.692565 7.074394 9.862719 0.003267 0.007738
    8.703622 7.103166 9.860048 0.006287 0.007705
     8.70302 7.124977 9.846581 0.008285 0.007428
    8.710626 7.124943 9.843497 0.005344 0.007444
     8.71966 7.119308 9.841809 0.004467 0.007537
    8.726288 7.168517 9.838758 0.005819 0.007679
    8.733062 7.206385 9.834617 0.005156 0.008141
    8.739288  7.26043 9.831024 0.004503 0.010017
    8.744035 7.242704 9.822469 0.005938 0.011255
    8.751125 7.283164 9.814673 0.004766 0.013288
    8.753301 7.292032 9.807214 0.007312 0.014446
    8.760744 7.260346 9.810233 0.004198  0.01409
    8.765965 7.249406 9.821043 0.004486 0.013507
    8.769661 7.275992 9.822702 0.004871 0.013237
    8.775724 7.290987 9.826515 0.006156 0.012402
    8.783819 7.339278 9.832458 0.003515 0.012629
    8.785706 7.374613 9.834852 0.004801 0.012824
    8.789816 7.373385 9.837627 0.004083  0.01252
    8.796219 7.400706 9.837508 0.007031 0.012731
    8.798711 7.453723 9.842218 0.004725 0.012697
    8.812039 7.456802 9.852694 0.002942 0.012697
    8.817452 7.475014 9.861651 0.003617 0.012807
    8.826988  7.54425 9.875463 0.002436 0.012714
    8.838608 7.538972 9.888294 0.002819  0.01252
    8.846248 7.555821 9.899978 0.003681 0.012132
    8.855235 7.577038 9.920721   0.0028  0.01069
     8.86528 7.581496 9.929122 0.005673 0.011078
    8.876157 7.578752 9.937575 0.003446 0.011196
    8.885525 7.610738 9.947213 0.002291 0.011693
    8.896961 7.649038   9.9546 0.003331 0.012688
    8.914018 7.660305 9.959688 0.008139 0.013896
    8.919357 7.707269 9.967346  0.00592 0.014386
    8.927658 7.708916 9.975066 0.003927 0.015156
    8.931597 7.696601 9.983934 0.004656 0.015156