dates                     real pce              cpixfe               federal funds rate m2                       fsi
19881231.0000000000000000,5150.4530740700001843,126.0000000000000000,8.7599999999999998,2992782.0000000000000000,102.0799999999999983
19890131.0000000000000000,5150.0034074100003636,126.5000000000000000,9.1199999999999992,2996033.0000000000000000,103.1408569499999999
19890228.0000000000000000,5156.7461851899997782,126.9000000000000057,9.3599999999999994,2996397.0000000000000000,100.6552470099999965
19890331.0000000000000000,5163.9654074099998979,127.4000000000000057,9.8499999999999996,3004026.0000000000000000,102.0285641899999973
19890430.0000000000000000,5167.7561851899999965,127.7999999999999972,9.8399999999999999,3010160.0000000000000000,105.9619766200000015
19890531.0000000000000000,5178.8569629599996915,128.3000000000000114,9.8100000000000005,3015804.0000000000000000,106.6831715999999943
19890630.0000000000000000,5193.3628518499999700,128.8000000000000114,9.5299999999999994,3032083.0000000000000000,109.2632812100000024
19890731.0000000000000000,5219.9788888900002348,129.1999999999999886,9.2400000000000002,3056682.0000000000000000,109.3086958399999986
19890831.0000000000000000,5234.7662222199996904,129.5000000000000000,8.9900000000000002,3078574.0000000000000000,105.5794431199999934
19890930.0000000000000000,5246.4298888900002567,129.9000000000000057,9.0199999999999996,3096946.0000000000000000,104.5713579899999957
19891031.0000000000000000,5248.4414444399999411,130.5999999999999943,8.8399999999999999,3118698.0000000000000000,107.7849185900000037
19891130.0000000000000000,5258.7541111099999398,131.0999999999999943,8.5500000000000007,3137596.0000000000000000,107.7211585799999938
19891231.0000000000000000,5270.8394444400000793,131.5999999999999943,8.4499999999999993,3156668.0000000000000000,106.0913717399999996
19900131.0000000000000000,5290.6285555599997679,132.0999999999999943,8.2300000000000004,3170582.0000000000000000,105.2862893500000041
19900228.0000000000000000,5301.8108888899996600,132.6999999999999886,8.2400000000000002,3182978.0000000000000000,104.2746401999999932
19900331.0000000000000000,5310.3175555600000735,133.5000000000000000,8.2799999999999994,3193880.0000000000000000,102.2667948499999966
19900430.0000000000000000,5312.1809999999995853,134.0000000000000000,8.2599999999999998,3205355.0000000000000000,101.7810245200000026
19900531.0000000000000000,5318.3119999999998981,134.4000000000000057,8.1799999999999997,3204183.0000000000000000,100.4280009699999994
19900630.0000000000000000,5324.7430000000003929,135.0999999999999943,8.2899999999999991,3216998.0000000000000000,100.8203089200000022
19900731.0000000000000000,5341.0236296299999594,135.8000000000000114,8.1500000000000004,3227424.0000000000000000,102.7522061100000030
19900831.0000000000000000,5340.8924074099995778,136.5999999999999943,8.1300000000000008,3244951.0000000000000000,107.2332205900000019
19900930.0000000000000000,5333.8989629600000626,137.0999999999999943,8.1999999999999993,3257582.0000000000000000,106.9918514600000066
19901031.0000000000000000,5306.9701111100002890,137.5999999999999943,8.1099999999999994,3262270.0000000000000000,109.4254307300000022
19901130.0000000000000000,5296.0571111099998234,138.0000000000000000,7.8099999999999996,3265705.0000000000000000,108.5778793300000018
19901231.0000000000000000,5288.0867777800003751,138.5999999999999943,7.3099999999999996,3274796.0000000000000000,109.1216580399999998
19910131.0000000000000000,5278.7819259300003978,139.5000000000000000,6.9100000000000001,3290673.0000000000000000,110.9746281999999979
19910228.0000000000000000,5279.9048148100000617,140.1999999999999886,6.2500000000000000,3307486.0000000000000000,104.1523465100000010
19910331.0000000000000000,5287.1782592600002317,140.5000000000000000,6.1200000000000001,3324760.0000000000000000,100.4744528899999949
19910430.0000000000000000,5311.7515925899997455,140.9000000000000057,5.9100000000000001,3335516.0000000000000000,100.2899883700000032
19910531.0000000000000000,5322.9641481500002556,141.3000000000000114,5.7800000000000002,3346119.0000000000000000,101.2235881799999930
19910630.0000000000000000,5331.9652592599995842,141.8000000000000114,5.9000000000000004,3355135.0000000000000000,100.2180297799999948
19910731.0000000000000000,5339.1842592599996351,142.3000000000000114,5.8200000000000003,3358856.0000000000000000,98.3038263400000005
19910831.0000000000000000,5343.4404814800000167,142.9000000000000057,5.6600000000000001,3357694.0000000000000000,98.6999177299999957
19910930.0000000000000000,5345.1632592599999043,143.4000000000000057,5.4500000000000002,3357531.0000000000000000,99.5632279299999965
19911031.0000000000000000,5327.0085925900002621,143.6999999999999886,5.2100000000000000,3362602.0000000000000000,101.4552426999999994
19911130.0000000000000000,5336.6724814799999876,144.1999999999999886,4.8099999999999996,3368081.0000000000000000,102.6604858400000069
19911231.0000000000000000,5356.8109259299999394,144.6999999999999886,4.4299999999999997,3374841.0000000000000000,104.2900000599999970
19920131.0000000000000000,5410.2251111100003982,145.0999999999999943,4.0300000000000002,3383490.0000000000000000,103.2546195999999981
19920229.0000000000000000,5434.2117777800003751,145.4000000000000057,4.0599999999999996,3402498.0000000000000000,100.5215364900000026
19920331.0000000000000000,5451.5721111100001508,145.9000000000000057,3.9800000000000000,3406236.0000000000000000,98.0965481100000005
19920430.0000000000000000,5449.2929259299999103,146.3000000000000114,3.7300000000000000,3401950.0000000000000000,98.2198591399999970
19920531.0000000000000000,5463.1604814800002714,146.8000000000000114,3.8199999999999998,3400695.0000000000000000,98.3639358899999934
19920630.0000000000000000,5480.1615925899996000,147.0999999999999943,3.7599999999999998,3395588.0000000000000000,98.2585446899999937
19920731.0000000000000000,5503.4341851899998801,147.5999999999999943,3.2500000000000000,3395844.0000000000000000,99.8630908300000044
19920831.0000000000000000,5524.3489629599998807,147.9000000000000057,3.2999999999999998,3400819.0000000000000000,102.6239679600000017
19920930.0000000000000000,5546.0438518499995553,148.0999999999999943,3.2200000000000002,3412491.0000000000000000,104.0117606299999977
19921031.0000000000000000,5576.1911481500001173,148.8000000000000114,3.1000000000000001,3426004.0000000000000000,106.0554722400000003
19921130.0000000000000000,5593.6920370400002867,149.1999999999999886,3.0899999999999999,3428531.0000000000000000,102.0235772200000071
19921231.0000000000000000,5606.2188148100003673,149.5999999999999943,2.9199999999999999,3427140.0000000000000000,99.1657534900000002
19930131.0000000000000000,5602.5160740700002862,150.0999999999999943,3.0200000000000000,3421496.0000000000000000,100.5391371599999957
19930228.0000000000000000,5613.5361851899997419,150.5999999999999943,3.0299999999999998,3417289.0000000000000000,101.8771333199999987
19930331.0000000000000000,5628.0237407399999938,150.8000000000000114,3.0699999999999998,3414623.0000000000000000,103.0272139799999991
19930430.0000000000000000,5649.4652592599995842,151.4000000000000057,2.9600000000000000,3413843.0000000000000000,102.1462632199999945
19930531.0000000000000000,5668.2728148100004546,151.8000000000000114,3.0000000000000000,3439098.0000000000000000,100.2434566600000068
19930630.0000000000000000,5687.9329259300002377,152.0999999999999943,3.0400000000000000,3445070.0000000000000000,98.6098065900000051
19930731.0000000000000000,5711.1488518500000282,152.3000000000000114,3.0600000000000001,3444519.0000000000000000,98.3950944500000020
19930831.0000000000000000,5730.4866296299996975,152.8000000000000114,3.0299999999999998,3448261.0000000000000000,99.6581398499999978
19930930.0000000000000000,5748.6495185200001288,152.9000000000000057,3.0899999999999999,3454859.0000000000000000,101.4916142999999948
19931031.0000000000000000,5762.0784074100001817,153.4000000000000057,2.9900000000000002,3459151.0000000000000000,100.8821339899999998
19931130.0000000000000000,5780.5608518500002901,153.9000000000000057,3.0200000000000000,3472671.0000000000000000,100.3313535799999983
19931231.0000000000000000,5800.5377407400001175,154.3000000000000114,2.9600000000000000,3477250.0000000000000000,98.3552984699999939
19940131.0000000000000000,5827.1240370400000756,154.5000000000000000,3.0499999999999998,3477703.0000000000000000,98.9672988599999996
19940228.0000000000000000,5846.2535925900001530,154.8000000000000114,3.2500000000000000,3478631.0000000000000000,99.6305054200000058
19940331.0000000000000000,5863.0413703699996404,155.3000000000000114,3.3399999999999999,3483940.0000000000000000,101.7206623000000008
19940430.0000000000000000,5873.7986296299995956,155.5000000000000000,3.5600000000000001,3487094.0000000000000000,103.5176321600000051
19940531.0000000000000000,5888.6694074099996214,155.9000000000000057,4.0099999999999998,3496492.0000000000000000,102.4230265000000060
19940630.0000000000000000,5903.9649629599998661,156.4000000000000057,4.2500000000000000,3485137.0000000000000000,102.1639569700000010
19940731.0000000000000000,5918.5567037000000710,156.6999999999999886,4.2599999999999998,3493678.0000000000000000,101.9809818899999954
19940831.0000000000000000,5935.5482592600001226,157.0999999999999943,4.4699999999999998,3490845.0000000000000000,100.6919577299999986
19940930.0000000000000000,5953.8110370399999738,157.5000000000000000,4.7300000000000004,3490950.0000000000000000,100.6105571500000053
19941031.0000000000000000,5982.6869629599996188,157.8000000000000114,4.7599999999999998,3489359.0000000000000000,99.9420444699999990
19941130.0000000000000000,5996.4857407400004377,158.1999999999999886,5.2900000000000000,3492459.0000000000000000,100.3322246400000068
19941231.0000000000000000,6004.5492962999996962,158.3000000000000114,5.4500000000000002,3491363.0000000000000000,101.7848212699999948
19950131.0000000000000000,5992.9746666700002606,159.0000000000000000,5.5300000000000002,3496767.0000000000000000,101.1157034999999951
19950228.0000000000000000,5987.1400000000003274,159.4000000000000057,5.9199999999999999,3494086.0000000000000000,100.4651638400000024
19950331.0000000000000000,6017.1499999999996362,159.9000000000000057,5.9800000000000004,3495270.0000000000000000,101.2981200400000006
19950430.0000000000000000,6006.3360000000002401,160.4000000000000057,6.0499999999999998,3503227.0000000000000000,101.2259486800000019
19950531.0000000000000000,6048.9909999999999854,160.6999999999999886,6.0099999999999998,3528076.0000000000000000,102.6004760299999958
19950630.0000000000000000,6096.9899999999997817,161.0999999999999943,6.0000000000000000,3553403.0000000000000000,106.0271329800000046
19950731.0000000000000000,6080.2619999999997162,161.4000000000000057,5.8499999999999996,3571871.0000000000000000,105.6820948200000032
19950831.0000000000000000,6109.9290000000000873,161.8000000000000114,5.7400000000000002,3593788.0000000000000000,104.3259062099999994
19950930.0000000000000000,6124.3739999999997963,162.1999999999999886,5.7999999999999998,3606879.0000000000000000,104.2276297399999976
19951031.0000000000000000,6101.0760000000000218,162.6999999999999886,5.7599999999999998,3617901.0000000000000000,104.7352828700000060
19951130.0000000000000000,6151.7600000000002183,163.0000000000000000,5.7999999999999998,3624742.0000000000000000,104.9678217400000051
19951231.0000000000000000,6190.5000000000000000,163.0999999999999943,5.5999999999999996,3634256.0000000000000000,104.2619134699999961
19960131.0000000000000000,6162.1859999999996944,163.6999999999999886,5.5599999999999996,3652447.0000000000000000,104.8078000000000003
19960229.0000000000000000,6209.4099999999998545,164.0000000000000000,5.2199999999999998,3666357.0000000000000000,104.4479139799999956
19960331.0000000000000000,6240.4949999999998909,164.4000000000000057,5.3099999999999996,3692241.0000000000000000,105.1031879300000043
19960430.0000000000000000,6265.5259999999998399,164.5999999999999943,5.2199999999999998,3702910.0000000000000000,104.3211852099999959
19960531.0000000000000000,6274.5870000000004438,165.0000000000000000,5.2400000000000002,3713796.0000000000000000,101.7227967200000052
19960630.0000000000000000,6282.5090000000000146,165.4000000000000057,5.2699999999999996,3727354.0000000000000000,101.4642724299999941
19960731.0000000000000000,6294.7780000000002474,165.6999999999999886,5.4000000000000004,3742217.0000000000000000,101.9100140500000009
19960831.0000000000000000,6316.1019999999998618,166.0000000000000000,5.2199999999999998,3749208.0000000000000000,101.1754340500000069
19960930.0000000000000000,6324.4290000000000873,166.5000000000000000,5.2999999999999998,3757783.0000000000000000,101.4630489599999947
19961031.0000000000000000,6344.1949999999997090,166.8000000000000114,5.2400000000000002,3774446.0000000000000000,102.0074593500000049
19961130.0000000000000000,6360.8059999999995853,167.1999999999999886,5.3099999999999996,3791879.0000000000000000,101.2796549699999957
19961231.0000000000000000,6384.5119999999997162,167.4000000000000057,5.2900000000000000,3814536.0000000000000000,101.3816417400000063
19970131.0000000000000000,6413.9740000000001601,167.8000000000000114,5.2500000000000000,3829660.0000000000000000,101.6730799999999988
19970228.0000000000000000,6426.1589999999996508,168.0999999999999943,5.1900000000000004,3840623.0000000000000000,101.2362816699999968
19970331.0000000000000000,6441.6340000000000146,168.4000000000000057,5.3899999999999997,3854661.0000000000000000,100.8876861399999996
19970430.0000000000000000,6440.3959999999997308,168.9000000000000057,5.5099999999999998,3872021.0000000000000000,100.5570503400000035
19970531.0000000000000000,6444.0479999999997744,169.1999999999999886,5.5000000000000000,3884199.0000000000000000,99.0339912099999964
19970630.0000000000000000,6475.4830000000001746,169.4000000000000057,5.5599999999999996,3899175.0000000000000000,99.7287153900000050
19970731.0000000000000000,6536.3620000000000800,169.6999999999999886,5.5199999999999996,3921064.0000000000000000,100.4853843199999943
19970831.0000000000000000,6576.1729999999997744,169.8000000000000114,5.5400000000000000,3949315.0000000000000000,101.6415091799999999
19970930.0000000000000000,6576.5299999999997453,170.1999999999999886,5.5400000000000000,3969607.0000000000000000,101.2437022799999937
19971031.0000000000000000,6608.6520000000000437,170.5999999999999943,5.5000000000000000,3986195.0000000000000000,103.6128964899999971
19971130.0000000000000000,6634.5489999999999782,170.8000000000000114,5.5199999999999996,4007521.0000000000000000,105.6266464100000064
19971231.0000000000000000,6671.1540000000004511,171.1999999999999886,5.5000000000000000,4029096.0000000000000000,103.3017896399999955
19980131.0000000000000000,6665.6300000000001091,171.5999999999999943,5.5599999999999996,4051869.0000000000000000,105.2652776000000046
19980228.0000000000000000,6708.6660000000001673,171.9000000000000057,5.5099999999999998,4082968.0000000000000000,103.9757281499999948
19980331.0000000000000000,6738.1300000000001091,172.1999999999999886,5.4900000000000002,4107998.0000000000000000,102.7244386899999995
19980430.0000000000000000,6772.4279999999998836,172.5000000000000000,5.4500000000000002,4131955.0000000000000000,103.0230049799999961
19980531.0000000000000000,6820.6809999999995853,172.9000000000000057,5.4900000000000002,4153766.0000000000000000,102.6371003000000002
19980630.0000000000000000,6865.2399999999997817,173.1999999999999886,5.5599999999999996,4179529.0000000000000000,103.0071663800000010
19980731.0000000000000000,6870.2640000000001237,173.5000000000000000,5.5400000000000000,4196123.0000000000000000,102.9883422500000023
19980831.0000000000000000,6903.0060000000003129,174.0000000000000000,5.5499999999999998,4219132.0000000000000000,106.0729532200000023
19980930.0000000000000000,6956.5309999999999491,174.1999999999999886,5.5099999999999998,4261979.0000000000000000,115.4026877499999983
19981031.0000000000000000,6983.8170000000000073,174.4000000000000057,5.0700000000000003,4300299.0000000000000000,122.2023286099999950
19981130.0000000000000000,7004.1369999999997162,174.8000000000000114,4.8300000000000001,4336879.0000000000000000,114.8649199999999979
19981231.0000000000000000,7059.6409999999996217,175.4000000000000057,4.6799999999999997,4370180.0000000000000000,112.9560958299999953
19990131.0000000000000000,7049.9979999999995925,175.5999999999999943,4.6299999999999999,4390991.0000000000000000,112.9634765400000020
19990228.0000000000000000,7085.1300000000001091,175.5999999999999943,4.7599999999999998,4417571.0000000000000000,110.2186973400000056
19990331.0000000000000000,7120.1779999999998836,175.6999999999999886,4.8099999999999996,4428876.0000000000000000,108.4204774100000037
19990430.0000000000000000,7163.0029999999997017,176.3000000000000114,4.7400000000000002,4456280.0000000000000000,106.8374550099999993
19990531.0000000000000000,7197.0439999999998690,176.5000000000000000,4.7400000000000002,4474567.0000000000000000,106.1265531199999970
19990630.0000000000000000,7229.7179999999998472,176.5999999999999943,4.7599999999999998,4498884.0000000000000000,105.9699757099999999
19990731.0000000000000000,7245.5889999999999418,177.0999999999999943,4.9900000000000002,4523829.0000000000000000,106.1890032299999973
19990831.0000000000000000,7284.8450000000002547,177.3000000000000114,5.0700000000000003,4543691.0000000000000000,108.3534060500000038
19990930.0000000000000000,7318.8019999999996799,177.8000000000000114,5.2199999999999998,4559416.0000000000000000,108.5395927400000033
19991031.0000000000000000,7331.5339999999996508,178.0999999999999943,5.2000000000000002,4577939.0000000000000000,109.3591772300000002
19991130.0000000000000000,7366.3940000000002328,178.4000000000000057,5.4199999999999999,4604415.0000000000000000,107.2497839600000020
19991231.0000000000000000,7459.5349999999998545,178.6999999999999886,5.2999999999999998,4629405.0000000000000000,105.7652508099999977
20000131.0000000000000000,7435.5600000000004002,179.3000000000000114,5.4500000000000002,4655214.0000000000000000,105.2172498000000047
20000229.0000000000000000,7507.4239999999999782,179.4000000000000057,5.7300000000000004,4671749.0000000000000000,106.4032432599999964
20000331.0000000000000000,7550.5370000000002619,180.0000000000000000,5.8499999999999996,4701180.0000000000000000,107.1731908200000021
20000430.0000000000000000,7539.7269999999998618,180.3000000000000114,6.0199999999999996,4751523.0000000000000000,109.2362717999999973
20000531.0000000000000000,7574.7709999999997308,180.6999999999999886,6.2699999999999996,4745702.0000000000000000,108.9105431699999968
20000630.0000000000000000,7590.4939999999996871,181.0999999999999943,6.5300000000000002,4760836.0000000000000000,109.3783404699999977
20000731.0000000000000000,7596.8239999999996144,181.5000000000000000,6.5400000000000000,4774539.0000000000000000,109.1299430499999943
20000831.0000000000000000,7635.2420000000001892,181.9000000000000057,6.5000000000000000,4809114.0000000000000000,108.3755016300000023
20000930.0000000000000000,7695.1250000000000000,182.3000000000000114,6.5199999999999996,4839801.0000000000000000,108.3915530099999955
20001031.0000000000000000,7692.3930000000000291,182.5999999999999943,6.5099999999999998,4857954.0000000000000000,109.4942508500000002
20001130.0000000000000000,7698.5630000000001019,183.0999999999999943,6.5099999999999998,4869411.0000000000000000,108.6062119500000023
20001231.0000000000000000,7739.1310000000003129,183.3000000000000114,6.4000000000000004,4910449.0000000000000000,111.2676755800000024
20010131.0000000000000000,7737.1049999999995634,183.9000000000000057,5.9800000000000004,4965807.0000000000000000,111.9762435699999941
20010228.0000000000000000,7746.5100000000002183,184.4000000000000057,5.4900000000000002,5002848.0000000000000000,110.3866583300000030
20010331.0000000000000000,7738.7049999999999272,184.6999999999999886,5.3099999999999996,5062368.0000000000000000,112.0064446300000043
20010430.0000000000000000,7746.0929999999998472,185.0999999999999943,4.7999999999999998,5123224.0000000000000000,109.9581849099999999
20010531.0000000000000000,7780.6009999999996580,185.3000000000000114,4.2100000000000000,5126918.0000000000000000,108.4353851099999986
20010630.0000000000000000,7783.3170000000000073,186.0000000000000000,3.9700000000000002,5165569.0000000000000000,108.6312997099999933
20010731.0000000000000000,7800.2120000000004438,186.4000000000000057,3.7700000000000000,5198419.0000000000000000,108.3488911799999954
20010831.0000000000000000,7844.8249999999998181,186.6999999999999886,3.6499999999999999,5230246.0000000000000000,108.4890914000000066
20010930.0000000000000000,7767.4669999999996435,187.0999999999999943,3.0699999999999998,5338700.0000000000000000,112.8363953599999974
20011031.0000000000000000,7954.7269999999998618,187.4000000000000057,2.4900000000000002,5331157.0000000000000000,111.0546989099999990
20011130.0000000000000000,7917.9480000000003201,188.0999999999999943,2.0899999999999999,5374592.0000000000000000,110.2318895199999957
20011231.0000000000000000,7906.4690000000000509,188.4000000000000057,1.8200000000000001,5423865.0000000000000000,110.5358084899999938
20020131.0000000000000000,7933.6480000000001382,188.6999999999999886,1.7300000000000000,5454288.0000000000000000,109.1039443399999982
20020228.0000000000000000,7965.5020000000004075,189.0999999999999943,1.7400000000000000,5481150.0000000000000000,108.1080074599999961
20020331.0000000000000000,7961.9459999999999127,189.1999999999999886,1.7300000000000000,5488331.0000000000000000,106.5820957899999968
20020430.0000000000000000,8000.4729999999999563,189.6999999999999886,1.7500000000000000,5493845.0000000000000000,106.6517337700000070
20020531.0000000000000000,7970.9139999999997599,190.0000000000000000,1.7500000000000000,5516188.0000000000000000,106.5391147999999930
20020630.0000000000000000,8010.9639999999999418,190.1999999999999886,1.7500000000000000,5538614.0000000000000000,108.3320418899999993
20020731.0000000000000000,8055.7680000000000291,190.5000000000000000,1.7300000000000000,5587334.0000000000000000,112.2139023900000012
20020831.0000000000000000,8065.1980000000003201,191.0999999999999943,1.7400000000000000,5624360.0000000000000000,115.7169330600000023
20020930.0000000000000000,8023.9880000000002838,191.3000000000000114,1.7500000000000000,5647547.0000000000000000,116.9339653899999973
20021031.0000000000000000,8046.8299999999999272,191.5000000000000000,1.7500000000000000,5700067.0000000000000000,118.4862547799999959
20021130.0000000000000000,8066.3230000000003201,191.9000000000000057,1.3400000000000001,5743513.0000000000000000,114.8164865899999967
20021231.0000000000000000,8117.4970000000002983,192.0999999999999943,1.2400000000000000,5769340.0000000000000000,112.8957202999999936
20030131.0000000000000000,8129.8170000000000073,192.4000000000000057,1.2400000000000000,5798520.0000000000000000,111.5747729099999930
20030228.0000000000000000,8096.0659999999998035,192.5000000000000000,1.2600000000000000,5833785.0000000000000000,111.9627987100000013
20030331.0000000000000000,8127.2399999999997817,192.5000000000000000,1.2500000000000000,5848143.0000000000000000,111.7338371599999931
20030430.0000000000000000,8170.5339999999996508,192.5000000000000000,1.2600000000000000,5892475.0000000000000000,109.0627852500000046
20030531.0000000000000000,8194.2520000000004075,192.9000000000000057,1.2600000000000000,5947455.0000000000000000,106.7264252199999959
20030630.0000000000000000,8229.6409999999996217,193.0000000000000000,1.2200000000000000,5985451.0000000000000000,107.1304558500000041
20030731.0000000000000000,8272.1599999999998545,193.4000000000000057,1.0100000000000000,6040687.0000000000000000,107.4292482200000052
20030831.0000000000000000,8343.1579999999994470,193.5999999999999943,1.0300000000000000,6084111.0000000000000000,109.8675883700000071
20030930.0000000000000000,8310.1710000000002765,193.6999999999999886,1.0100000000000000,6065689.0000000000000000,108.4080964399999942
20031031.0000000000000000,8324.5200000000004366,194.0000000000000000,1.0100000000000000,6053446.0000000000000000,108.7381869999999964
20031130.0000000000000000,8364.5810000000001310,194.0000000000000000,1.0000000000000000,6052880.0000000000000000,107.1574253600000048
20031231.0000000000000000,8371.8520000000007713,194.1999999999999886,0.9800000000000000,6059920.0000000000000000,106.0277646600000026
20040131.0000000000000000,8413.7749999999996362,194.5999999999999943,1.0000000000000000,6064912.0000000000000000,105.5737513299999932
20040229.0000000000000000,8424.4320000000006985,194.9000000000000057,1.0100000000000000,6102354.0000000000000000,104.9102322699999945
20040331.0000000000000000,8444.7180000000007567,195.5000000000000000,1.0000000000000000,6141293.0000000000000000,104.5622617700000063
20040430.0000000000000000,8446.8420000000005530,195.9000000000000057,1.0000000000000000,6184476.0000000000000000,105.7867213499999934
20040531.0000000000000000,8493.1340000000000146,196.1999999999999886,1.0000000000000000,6250485.0000000000000000,105.8220889100000051
20040630.0000000000000000,8455.2000000000007276,196.5999999999999943,1.0300000000000000,6263104.0000000000000000,103.2717548100000045
20040731.0000000000000000,8508.4130000000004657,196.8000000000000114,1.2600000000000000,6272452.0000000000000000,103.2801595100000043
20040831.0000000000000000,8523.3119999999998981,196.9000000000000057,1.4299999999999999,6294122.0000000000000000,103.9153060699999997
20040930.0000000000000000,8585.5779999999995198,197.5000000000000000,1.6100000000000001,6332123.0000000000000000,102.2826999400000005
20041031.0000000000000000,8602.9969999999993888,197.9000000000000057,1.7600000000000000,6353844.0000000000000000,102.1922363900000050
20041130.0000000000000000,8617.5090000000000146,198.3000000000000114,1.9299999999999999,6390773.0000000000000000,101.4584808999999979
20041231.0000000000000000,8673.3940000000002328,198.5999999999999943,2.1600000000000001,6406195.0000000000000000,100.8988968400000061
20050131.0000000000000000,8676.3009999999994761,199.0000000000000000,2.2799999999999998,6405724.0000000000000000,100.6637115500000021
20050228.0000000000000000,8699.9619999999995343,199.4000000000000057,2.5000000000000000,6420915.0000000000000000,99.7438358699999981
20050331.0000000000000000,8724.0169999999998254,200.0999999999999943,2.6299999999999999,6434664.0000000000000000,99.9961630199999973
20050430.0000000000000000,8781.7909999999992579,200.1999999999999886,2.7900000000000000,6442991.0000000000000000,100.7567683299999999
20050531.0000000000000000,8743.5020000000004075,200.5000000000000000,3.0000000000000000,6458254.0000000000000000,100.8816086899999931
20050630.0000000000000000,8833.2870000000002619,200.5999999999999943,3.0400000000000000,6495509.0000000000000000,100.4981243499999977
20050731.0000000000000000,8886.7549999999991996,200.9000000000000057,3.2599999999999998,6520782.0000000000000000,101.0105649700000043
20050831.0000000000000000,8854.9040000000004511,201.0999999999999943,3.5000000000000000,6554059.0000000000000000,100.6303653800000006
20050930.0000000000000000,8817.0329999999994470,201.3000000000000114,3.6200000000000001,6591061.0000000000000000,101.2882192499999974
20051031.0000000000000000,8833.7540000000008149,202.0000000000000000,3.7799999999999998,6620571.0000000000000000,102.1268472999999943
20051130.0000000000000000,8878.3840000000000146,202.5000000000000000,4.0000000000000000,6645882.0000000000000000,101.9839408200000008
20051231.0000000000000000,8912.6110000000007858,202.8000000000000114,4.1600000000000001,6672707.0000000000000000,101.1895903799999985
20060131.0000000000000000,8945.1090000000003783,203.1999999999999886,4.2900000000000000,6712474.0000000000000000,100.9620983199999955
20060228.0000000000000000,8966.0589999999992870,203.5999999999999943,4.4900000000000002,6739019.0000000000000000,100.7055422199999981
20060331.0000000000000000,8986.1769999999996799,204.3000000000000114,4.5899999999999999,6751076.0000000000000000,101.0028916899999984
20060430.0000000000000000,9012.4300000000002910,204.8000000000000114,4.7900000000000000,6783711.0000000000000000,100.9612871000000069
20060531.0000000000000000,9017.1080000000001746,205.4000000000000057,4.9400000000000004,6796836.0000000000000000,101.5036561600000056
20060630.0000000000000000,9029.9519999999993161,205.9000000000000057,4.9900000000000002,6833340.0000000000000000,101.7477913900000033
20060731.0000000000000000,9077.2510000000002037,206.3000000000000114,5.2400000000000002,6867952.0000000000000000,101.9214907199999942
20060831.0000000000000000,9052.6239999999997963,206.8000000000000114,5.2500000000000000,6899498.0000000000000000,101.1351127700000063
20060930.0000000000000000,9091.7950000000000728,207.1999999999999886,5.2500000000000000,6925992.0000000000000000,101.0373217000000068
20061031.0000000000000000,9134.8809999999994034,207.5999999999999943,5.2500000000000000,6982974.0000000000000000,100.5208516200000020
20061130.0000000000000000,9143.5949999999993452,207.8000000000000114,5.2500000000000000,7022628.0000000000000000,100.2584109000000012
20061231.0000000000000000,9196.4639999999999418,208.0999999999999943,5.2400000000000002,7064470.0000000000000000,100.4239847999999995
20070131.0000000000000000,9204.5560000000004948,208.5929999999999893,5.2500000000000000,7103853.0000000000000000,100.2623339799999940
20070228.0000000000000000,9208.9799999999995634,209.1069999999999993,5.2599999999999998,7122111.0000000000000000,100.2206163500000002
20070331.0000000000000000,9214.0969999999997526,209.3309999999999889,5.2599999999999998,7151939.0000000000000000,102.9709211100000061
20070430.0000000000000000,9236.7409999999999854,209.7170000000000130,5.2500000000000000,7220742.0000000000000000,101.8665343600000028
20070531.0000000000000000,9249.8880000000008295,210.0639999999999930,5.2500000000000000,7244325.0000000000000000,100.8154150400000049
20070630.0000000000000000,9247.0069999999996071,210.4329999999999927,5.2500000000000000,7268819.0000000000000000,102.3826254300000045
20070731.0000000000000000,9261.8160000000007130,210.8379999999999939,5.2599999999999998,7304021.0000000000000000,104.0344081100000011
20070831.0000000000000000,9292.9920000000001892,211.1529999999999916,5.0199999999999996,7368835.0000000000000000,109.1637014800000003
20070930.0000000000000000,9300.8989999999994325,211.5889999999999986,4.9400000000000004,7400804.0000000000000000,108.8344021900000058
20071031.0000000000000000,9296.0879999999997381,212.0929999999999893,4.7599999999999998,7431393.0000000000000000,106.4659061400000013
20071130.0000000000000000,9313.9189999999998690,212.6699999999999875,4.4900000000000002,7461944.0000000000000000,111.4159546900000066
20071231.0000000000000000,9327.7690000000002328,213.1419999999999959,4.2400000000000002,7493058.0000000000000000,113.0390922299999943
20080131.0000000000000000,9310.6170000000001892,213.7350000000000136,3.9399999999999999,7527348.0000000000000000,114.8300112400000046
20080229.0000000000000000,9273.1479999999992287,213.8909999999999911,2.9800000000000000,7615977.0000000000000000,116.7943303600000036
20080331.0000000000000000,9283.4570000000003347,214.3089999999999975,2.6099999999999999,7673773.0000000000000000,119.9488585900000004
20080430.0000000000000000,9289.2620000000006257,214.4960000000000093,2.2799999999999998,7723061.0000000000000000,114.2913923800000049
20080531.0000000000000000,9287.6049999999995634,214.9379999999999882,1.9800000000000000,7731523.0000000000000000,112.2005107300000049
20080630.0000000000000000,9280.4719999999997526,215.4859999999999900,2.0000000000000000,7743592.0000000000000000,114.2056165799999974
20080731.0000000000000000,9226.3680000000003929,216.0939999999999941,2.0099999999999998,7801528.0000000000000000,115.3434824999999933
20080831.0000000000000000,9209.7540000000008149,216.5020000000000095,2.0000000000000000,7789468.0000000000000000,114.1317296999999940
20080930.0000000000000000,9151.7690000000002328,216.7760000000000105,1.8100000000000001,7889911.0000000000000000,119.1768098499999979
20081031.0000000000000000,9107.4680000000007567,216.7870000000000061,0.9700000000000000,8002558.0000000000000000,130.0083523899999989
20081130.0000000000000000,9084.5400000000008731,216.9209999999999923,0.3900000000000000,8051989.0000000000000000,132.3545001699999943
20081231.0000000000000000,9036.1100000000005821,216.8700000000000045,0.1600000000000000,8246391.0000000000000000,132.9027604999999994
20090131.0000000000000000,9071.5229999999992287,217.2839999999999918,0.1500000000000000,8309102.0000000000000000,127.9999218899999960
20090228.0000000000000000,9042.5969999999997526,217.7249999999999943,0.2200000000000000,8348409.0000000000000000,126.6499703100000005
20090331.0000000000000000,9008.5329999999994470,218.1220000000000141,0.1800000000000000,8399521.0000000000000000,125.4464759300000054
20090430.0000000000000000,8993.0740000000005239,218.6140000000000043,0.1500000000000000,8390138.0000000000000000,119.6182959300000022
20090531.0000000000000000,9002.4020000000000437,218.9060000000000059,0.1800000000000000,8431766.0000000000000000,117.1805874500000044
20090630.0000000000000000,9000.1470000000008440,219.2280000000000086,0.2100000000000000,8452646.0000000000000000,114.0818600399999951
20090731.0000000000000000,9023.4699999999993452,219.4269999999999925,0.1600000000000000,8452503.0000000000000000,113.3605985699999934
20090831.0000000000000000,9104.6679999999996653,219.6250000000000000,0.1600000000000000,8428378.0000000000000000,111.0889493899999962
20090930.0000000000000000,9022.7420000000001892,220.0200000000000102,0.1500000000000000,8452026.0000000000000000,109.1332743499999935
20091031.0000000000000000,9044.6419999999998254,220.4890000000000043,0.1200000000000000,8482442.0000000000000000,108.3404133399999978
20091130.0000000000000000,9044.6839999999992870,220.6160000000000139,0.1200000000000000,8511972.0000000000000000,107.6734432899999945
20091231.0000000000000000,9091.2060000000001310,220.7829999999999870,0.1200000000000000,8528780.0000000000000000,105.9149395599999934
20100131.0000000000000000,9086.7669999999998254,220.4939999999999998,0.1100000000000000,8465809.0000000000000000,105.6679916800000001
20100228.0000000000000000,9119.1039999999993597,220.6189999999999998,0.1300000000000000,8533570.0000000000000000,106.0721154099999950
20100331.0000000000000000,9157.7090000000007421,220.6949999999999932,0.1600000000000000,8511674.0000000000000000,103.9092219799999981
20100430.0000000000000000,9164.6980000000003201,220.7860000000000014,0.2000000000000000,8522443.0000000000000000,103.5404525099999944
20100531.0000000000000000,9192.3750000000000000,221.0409999999999968,0.2000000000000000,8561890.0000000000000000,108.2275350400000065
20100630.0000000000000000,9203.6740000000008877,221.3309999999999889,0.1800000000000000,8591117.0000000000000000,108.4967114899999956
20100731.0000000000000000,9216.7549999999991996,221.5569999999999879,0.1800000000000000,8607079.0000000000000000,106.7912757099999936
20100831.0000000000000000,9254.4089999999996508,221.6910000000000025,0.1900000000000000,8652648.0000000000000000,107.1337339500000070
20100930.0000000000000000,9270.0979999999999563,221.7649999999999864,0.1900000000000000,8700308.0000000000000000,108.5514883099999963
20101031.0000000000000000,9305.5020000000004075,221.7949999999999875,0.1900000000000000,8740802.0000000000000000,107.6855715899999950
20101130.0000000000000000,9334.4060000000008586,222.0589999999999975,0.1900000000000000,8778857.0000000000000000,106.7736684000000054
20101231.0000000000000000,9345.2569999999996071,222.2100000000000080,0.1800000000000000,8812217.0000000000000000,106.9035023800000062
20110131.0000000000000000,9348.6080000000001746,222.5869999999999891,0.1700000000000000,8836813.0000000000000000,105.7232805000000013
20110228.0000000000000000,9382.1209999999991851,223.0289999999999964,0.1600000000000000,8898174.0000000000000000,104.8515456599999993
20110331.0000000000000000,9399.4889999999995780,223.3309999999999889,0.1400000000000000,8926343.0000000000000000,105.1218325300000060
20110430.0000000000000000,9394.2080000000005384,223.7450000000000045,0.1000000000000000,8958145.0000000000000000,104.2531895999999989
20110531.0000000000000000,9395.6640000000006694,224.3870000000000005,0.0900000000000000,9009656.0000000000000000,104.2948074899999966
20110630.0000000000000000,9388.3590000000003783,224.9579999999999984,0.0900000000000000,9096914.0000000000000000,106.1678186000000039
20110731.0000000000000000,9425.1149999999997817,225.4629999999999939,0.0700000000000000,9298528.0000000000000000,106.9095332899999988
20110831.0000000000000000,9411.8379999999997381,226.0140000000000100,0.1000000000000000,9531000.0000000000000000,110.8868177100000025
20110930.0000000000000000,9463.5460000000002765,226.1370000000000005,0.0800000000000000,9578268.0000000000000000,112.1594846299999944
20111031.0000000000000000,9478.7350000000005821,226.4439999999999884,0.0700000000000000,9607583.0000000000000000,112.1968137300000024
20111130.0000000000000000,9493.7909999999992579,226.8360000000000127,0.0800000000000000,9641690.0000000000000000,111.8734455900000029
20111231.0000000000000000,9504.3916000000008353,227.1535704000000067,0.0700000000000000,9709181.8300000000745058,110.1921467300000046
