0.015177883	-0.002677834	0.004713974
0.02225144	-0.002321084	0.007612233
-0.00434299	0.002363896	0.006624714
0.000365168	0.001819506	0.006566673
0.015219732	0.000173694	0.005482075
-0.007832775	-0.000875515	0.00411367
-0.001637524	0.000319981	0.002181857
-0.016553779	-0.00086526	0.002911503
0.002396538	-0.000763314	0.003785002
0.015389538	-5.17982E-05	0.003718139
0.012995018	0.000981773	0.002736366
0.018640555	0.000271143	0.002863641
0.016228442	0.002503324	0.001030355
0.007192599	-0.004390234	0.00540362
0.004582952	0.00092479	0.004792794
-0.003165918	0.000733397	0.003991505
0.008119121	-0.000884975	0.005114123
0.008102595	-0.000280985	0.005479995
0.014537796	-3.91038E-06	0.006384146
0.003535555	0.005477824	0.001424753
0.017965595	-0.004496572	0.006006339
0.007564722	-0.000371085	0.006241405
0.009234721	0.001348039	0.00494437
-0.001723176	0.0010179	0.004402644
0.02011219	0.000109641	0.004820458
0.009371476	-0.000736978	0.005514889
0.016759556	-0.000638911	0.006136782
0.020544809	0.002676479	0.004226415
0.021474759	0.000134814	0.00522482
0.000664992	0.001912421	0.003252723
0.003717791	0.002078936	0.002342362
0.005026863	-0.001341877	0.004111067
0.005502609	-0.004604252	0.006932389
-0.003680772	0.000906561	0.003846275
0.002988126	0.004359656	0.001120839
0.002996943	0.001225684	0.001054345
0.016507446	-0.000161223	0.001974883
0.013431423	-0.000439953	0.003618978
0.002721966	-0.000587448	0.003377889
-0.000545291	0.004211047	0.000166297
0.011165634	-0.003700747	0.005166975
-0.001220725	0.002516916	0.002915384
0.001897474	0.001432696	0.003607826
-0.009571419	-0.001363215	0.005820645
-0.006858577	0.001240127	0.004211409
-0.003446803	-0.000526398	0.003365574
0.003141336	-0.005702764	0.008168832
-0.016601388	0.004877301	0.000794295
0.021785303	0.002091548	-0.005167599
-6.63968E-05	-0.001884782	-0.002235722
0.002365228	-0.002982745	0.002690885
-0.002811125	-0.002076164	0.002772084
0.006336879	0.007554527	-0.006807436
0.018085048	-0.009573345	0.003616247
0.004185039	0.00370723	0.001058121
0.011452193	0.003535324	-0.000832113
0.019924972	-0.001267484	0.002578897
0.006339313	0.003421143	0.001477248
-0.010498863	0.003949138	0.001959496
0.004454764	0.000306364	-0.000470543
-0.013822675	-0.000676773	0.000506882
-0.002209069	0.00434272	-0.002451675
-0.014734837	0.005688955	-0.00804599
-0.008936798	0.000510735	-0.010696842
-0.016876471	-0.006764407	-0.008070733
0.002560599	-0.007604149	-0.001381037
0.011106121	0.003304973	-0.002282714
0.008103605	-0.00097395	-0.003113914
0.01748695	-0.006444686	0.00151181
0.002926902	-0.00034544	0.002471739
-4.37561E-05	0.002938128	-0.000483463
0.002703734	0.004497833	-0.006201351
0.007640852	-0.001827446	-0.004484746
0.014757614	-0.001886077	-0.002061404
0.012856807	-0.002275235	0.001895711
-0.004551481	0.009456239	-0.005987076
-0.001075365	-0.006771095	0.001511723
0.034334487	0.003387744	-0.00166189
0.005241118	-0.00173407	0.002224603
0.008401612	0.004506823	0.000959432
-0.002537503	-0.003474479	0.006537572
-0.003259322	0.006921704	-0.000401392
0.00261038	-0.003071844	0.00343886
-0.002218228	-0.001520334	0.010597827
-0.001068244	0.001072824	0.013467505
-0.024303173	0.000998947	0.002740604
-0.005805619	0.000577252	0.000963688
0.014909968	0.004871951	0.007699768
0.01659473	-0.00185592	0.011590964
-0.011123739	-0.006841801	0.019789003
0.008641833	-0.000977319	0.021151654
-0.015920586	0.000435396	0.012073322
-0.019490901	-0.004568346	0.019415659
0.00231046	-0.001447297	0.019835943
-0.006704159	0.001963479	0.009806285
-0.002147876	-0.003305209	0.009468011
0.009607501	-0.002533597	0.012517607
0.019700857	-0.000991226	0.014257505
0.016732678	0.002990591	0.013188487
0.017387863	-0.002659588	0.014968691
0.015207913	0.004893383	0.011032321
0.014525402	-0.003824384	0.016479685
0.007015651	-0.000632314	0.018469381
0.005146377	-0.001626366	0.016166988
0.00699184	0.004859647	0.009705733
0.006122829	-0.005501303	0.013341731
0.012887847	-0.0015632	0.013995031
0.004705669	0.002304684	0.0118448
0.004585985	-0.001285937	0.012435886
0.001204442	-2.63979E-05	0.010517555
0.006682043	0.000646121	0.008289315
0.00210102	0.000746127	0.007107476
0.003056594	0.001711379	0.00586599
0.008055341	-0.002793873	0.00896755
0.006357136	0.001988323	0.007971305
0.014851911	-0.000189895	0.007699248
0.0021536	0.001235977	0.006104122
0.010341182	0.001045041	0.006308105
0.002882351	0.001592844	0.006771846
0.010878255	-0.003635484	0.012253287
0.007297467	0.003780247	0.010572123
0.004361555	-0.001707105	0.011943422
0.00482102	-0.002483444	0.012964417
0.000311598	-0.000162816	0.01263736
0.003483591	0.004991855	0.007920492
0.000453848	-0.000311876	0.00819799
-0.00223688	-0.00276221	0.010264311
-0.01029655	-0.001346714	0.010357928
-0.007246718	0.004318849	0.003554698
0.004453632	-0.005363369	0.007729462
0.002374999	0.00064349	0.006616051
0.001913793	-0.001843647	0.006317945
0.008094509	0.000801458	0.003864246
0.007349993	-0.000569657	0.003889433
0.007077751	-0.000941645	0.003309833
0.007899292	0.000657874	0.002617991
-0.001322096	0.002587763	-0.000249963
0.002742222	-0.002268453	0.002035469
0.002490303	-0.001192242	0.003321101
0.010534796	0.000970423	0.002495025
0.007751392	0.000776464	0.002185709
0.010730638	-0.001857835	0.005939854
0.002905341	0.002194184	0.004997673
0.00885952	-0.001732252	0.008785927
0.001352725	0.001684285	0.008272293
-0.000294819	-0.002746887	0.010660149
0.005539692	0.00108216	0.008988431
0.004551407	0.000129273	0.008585857
0.004901902	0.001596335	0.006144472
0.013739966	-0.002855417	0.009230286
0.005505491	-0.000427514	0.009854106
0.008602359	0.002184381	0.00736248
0.003057618	0.001077333	0.006498502
0.012908412	-0.004776743	0.011241105
0.00975826	0.001841426	0.009399679
0.004554894	-0.000178708	0.009689346
0.008754763	-0.000728423	0.01032388
0.004098084	-0.00086837	0.010995966
0.008636082	0.00197642	0.008627093
0.012085973	-0.000188564	0.007358103
0.004682282	0.00060479	0.007145195
0.005560078	-0.000507698	0.007772192
0.00865518	-8.39652E-05	0.008359073
0.014658969	0.000801111	0.008564553
-0.011393687	0.004684969	0.005100796
0.012490462	-0.004650626	0.010247164
-0.004331225	0.000839734	0.010185728
0.002172299	-0.00108864	0.011274368
-0.003752974	0.003982652	0.004216271
0.000103523	-0.000435592	0.001696401
-0.006708777	-0.003470023	0.003917027
0.000735151	0.000884675	-0.000181699
0.005838016	-0.002506216	0.001858955
0.003408723	0.001939595	-9.75652E-05
0.003363147	-0.001256411	0.000972685
-0.001258199	0.001680991	-0.001494877
-0.00236804	0.002244362	-0.004187222
0.007047546	-0.004285187	-0.000197764
0.014521355	0.000463164	-0.000939678
0.006811587	0.000233298	-0.001206759
0.010617135	0.003237759	-0.004444518
0.004111922	0.00110237	-0.005141422